            ?-?-?     20.838     16.829      1.812      4100250 
            ?-?-?     16.828     20.837      0.721      3746721 
            ?-?-?     19.786     20.284      0.792      3170470 
            ?-?-?     17.420     12.002      0.758      3072240 
            ?-?-?     22.180     24.174      0.762      2887407 
            ?-?-?     24.185     22.179      0.953      2672306 
            ?-?-?     20.864     21.434      0.789      2499272 
            ?-?-?     21.135     21.508      0.691      2403547 
            ?-?-?     28.726     13.149      0.702      2331907 
            ?-?-?     20.068     16.827      1.813      2226189 
            ?-?-?     22.617     17.371      1.891      2198468 
            ?-?-?     21.478     20.839      0.727      2092383 
            ?-?-?     16.832     20.062      0.731      1998176 
            ?-?-?     20.855     21.445      0.719      1958074 
            ?-?-?     25.291     16.708      1.904      1931510 
            ?-?-?     20.825     21.518      0.694      1903218 
            ?-?-?     20.846     16.786      1.924      1859827 
            ?-?-?     17.399     23.420      0.942      1834391 
            ?-?-?     17.399     23.420      0.942      1834391 
            ?-?-?     20.161     20.549      0.632      1822293 
            ?-?-?     20.928     17.357      1.890      1821529 
            ?-?-?     20.904     21.265      0.537      1784180 
            ?-?-?     14.388     13.024      0.727      1674214 
            ?-?-?     17.361     20.938      0.705      1670880 
            ?-?-?     23.374     16.717      1.906      1638538 
            ?-?-?     20.840     20.091      0.726      1634492 
            ?-?-?     20.864     13.163      0.700      1616516 
            ?-?-?     17.367     22.641      0.853      1612975 
            ?-?-?     28.715     24.868      0.696      1590647 
            ?-?-?     28.724     23.047      0.688      1571061 
            ?-?-?     22.162     23.506      0.763      1514555 
            ?-?-?     12.652     13.147      0.696      1485514 
            ?-?-?     20.682     24.170      0.762      1444428 
            ?-?-?     20.236     22.175      0.955      1442998 
            ?-?-?     20.236     22.175      0.955      1442998 
            ?-?-?     16.869     20.745      0.834      1442144 
            ?-?-?     17.423     10.222      0.537      1439685 
            ?-?-?     16.833     20.820      0.774      1407070 
            ?-?-?     28.707     23.525      0.762      1401560 
            ?-?-?     23.462     17.381      1.877      1385009 
            ?-?-?     24.532     25.287      0.901      1366822 
            ?-?-?     22.080     24.403      0.806      1342338 
            ?-?-?     23.504     22.163      0.953      1341552 
            ?-?-?     24.171     20.687      0.861      1331648 
            ?-?-?     20.321     21.663      0.930      1331079 
            ?-?-?     20.846     23.078      0.691      1300569 
            ?-?-?     22.458     23.038      0.690      1283836 
            ?-?-?     13.148     20.872      0.779      1280322 
            ?-?-?     21.246     16.841      1.817      1277325 
            ?-?-?     20.072     23.054      0.689      1257850 
            ?-?-?     12.563     12.978      0.722      1243862 
            ?-?-?     21.658     22.421      0.761      1240908 
            ?-?-?     20.676     22.468      0.749      1220172 
            ?-?-?     20.676     22.468      0.749      1220172 
            ?-?-?     22.687     23.887      0.702      1209290 
            ?-?-?     22.113     26.435      0.868      1209120 
            ?-?-?     15.348     15.725      0.722      1208648 
            ?-?-?     28.725     24.178      0.761      1190577 
            ?-?-?     21.244     20.603      0.646      1186625 
            ?-?-?     12.392     13.792      0.733      1180830 
            ?-?-?     22.989     25.245      0.673      1162123 
            ?-?-?     22.379     13.008      0.731      1153682 
            ?-?-?     28.716     25.248      0.902      1120670 
            ?-?-?     23.386     17.401      2.080      1116761 
            ?-?-?     20.611     21.268      0.533      1100542 
            ?-?-?     23.061     20.064      0.733      1074841 
            ?-?-?     23.629     25.244      0.668      1047433 
            ?-?-?     24.882     13.545      0.674      1032274 
            ?-?-?     15.720     15.353      0.964      1014387 
            ?-?-?     21.625     23.927      0.697      1012119 
            ?-?-?     22.087     27.383      0.674      1004757 
            ?-?-?     22.427     21.687      0.931      1001436 
            ?-?-?     16.707     25.281      0.904      1001349 
            ?-?-?     23.756     23.024      0.690       970503 
            ?-?-?     22.057     15.337      0.958       962405 
            ?-?-?     20.398     22.511      0.756       961720 
            ?-?-?     20.398     22.511      0.756       961720 
            ?-?-?     26.422     13.995      0.653       956060 
            ?-?-?     23.961     21.273      0.535       954973 
            ?-?-?     23.475     15.244      0.772       950925 
            ?-?-?     24.643     20.056      0.733       949456 
            ?-?-?     17.385     15.129      0.683       946916 
            ?-?-?     20.665     23.499      0.762       946798 
            ?-?-?     24.137     25.237      0.671       932424 
            ?-?-?     24.917     21.528      0.692       932166 
            ?-?-?     20.865     22.229      0.828       923912 
            ?-?-?     22.182     21.517      0.704       921147 
            ?-?-?     20.882     24.625      0.730       918525 
            ?-?-?     28.723     13.006      0.730       913059 
            ?-?-?     13.830     27.380      0.682       912300 
            ?-?-?     16.811     20.080      0.491       910293 
            ?-?-?     22.967     24.098      0.681       907719 
            ?-?-?     22.114     25.261      0.668       905232 
            ?-?-?     26.414     22.153      0.399       905209 
            ?-?-?     26.700     13.523      0.678       904295 
            ?-?-?     19.827     13.154      0.702       896741 
            ?-?-?     16.825     21.270      0.535       893153 
            ?-?-?     22.434     20.760      0.834       888382 
            ?-?-?     25.240     24.157      0.681       885539 
            ?-?-?     25.253     24.619      0.764       882852 
            ?-?-?     20.064     24.626      0.733       879342 
            ?-?-?     22.116     24.139      0.687       867004 
            ?-?-?     20.785     21.530      0.582       866200 
            ?-?-?     15.198     17.369      1.892       866105 
            ?-?-?     26.450     13.047      0.758       857510 
            ?-?-?     20.860     21.407      0.397       857355 
            ?-?-?     13.004     16.712      1.919       851188 
            ?-?-?     24.866     24.077      0.365       851143 
            ?-?-?     22.217     17.409      1.878       843260 
            ?-?-?     18.967     23.937      0.696       830618 
            ?-?-?     16.833     23.020      0.691       823365 
            ?-?-?     20.847     24.863      0.699       811719 
            ?-?-?     21.631     20.289      0.785       808563 
            ?-?-?     24.063     24.885      0.508       806740 
            ?-?-?     27.388     13.793      0.732       806364 
            ?-?-?     23.497     15.347      0.960       805866 
            ?-?-?     28.727     25.650      0.628       803526 
            ?-?-?     28.727     25.650      0.628       803526 
            ?-?-?     22.093     25.415      0.611       803143 
            ?-?-?     20.265     22.429      0.764       800234 
            ?-?-?     22.173     20.301      0.819       797851 
            ?-?-?     20.067     23.934      0.658       797724 
            ?-?-?     13.783     12.411      0.694       792731 
            ?-?-?     24.746     25.488      0.752       788724 
            ?-?-?     22.214     20.353      0.745       786664 
            ?-?-?     16.711     23.383      0.887       785904 
            ?-?-?     23.053     20.835      0.719       784470 
            ?-?-?     21.496     23.283      0.617       782749 
            ?-?-?     22.604     15.182      0.684       781167 
            ?-?-?     15.333     23.509      0.764       772802 
            ?-?-?     28.704     12.617      0.666       769283 
            ?-?-?     16.813     21.097      0.771       769278 
            ?-?-?     25.495     24.364      0.804       767887 
            ?-?-?     15.329     22.040      0.580       766810 
            ?-?-?     23.489     22.671      0.755       764246 
            ?-?-?     25.215     24.118      0.685       760917 
            ?-?-?     22.093     13.060      0.760       760026 
            ?-?-?     13.996     26.460      0.807       757517 
            ?-?-?     25.537     24.846      0.694       757439 
            ?-?-?     25.215     22.886      0.880       751181 
            ?-?-?     21.646     22.733      0.777       749708 
            ?-?-?     20.084     16.790      1.924       742353 
            ?-?-?     22.919     23.581      0.558       739590 
            ?-?-?     24.632     20.852      0.715       737077 
            ?-?-?     21.263     16.783      1.926       732578 
            ?-?-?     15.214     23.394      0.938       727530 
            ?-?-?     20.844     17.404      2.083       725645 
            ?-?-?     21.215     23.912      0.657       724292 
            ?-?-?     22.244     23.402      0.943       721696 
            ?-?-?     22.729     21.532      0.707       719768 
            ?-?-?     13.047     26.407      0.866       718798 
            ?-?-?     21.564     22.198      0.820       710174 
            ?-?-?     22.103     25.505      0.706       708660 
            ?-?-?     28.703     24.040      0.692       707778 
            ?-?-?     28.703     24.040      0.692       707778 
            ?-?-?     13.011     22.391      0.703       704934 
            ?-?-?     23.577     22.217      0.838       700596 
            ?-?-?     25.279     23.581      0.555       698478 
            ?-?-?     20.472     16.831      1.814       691788 
            ?-?-?     24.874     21.148      0.762       687634 
            ?-?-?     22.190     22.739      0.309       683949 
            ?-?-?     23.991     16.795      1.811       683785 
            ?-?-?     21.536     15.254      0.772       680416 
            ?-?-?     25.710     26.415      0.870       678918 
            ?-?-?     24.392     25.703      0.634       672021 
            ?-?-?     27.230     23.406      0.939       671939 
            ?-?-?     22.707     25.289      0.667       670008 
            ?-?-?     22.195     24.900      0.513       668132 
            ?-?-?     22.424     24.036      0.702       666687 
            ?-?-?     15.111     10.537      0.614       666202 
            ?-?-?     20.818     24.857      0.125       662960 
            ?-?-?     22.697     21.248      0.632       662786 
            ?-?-?     24.793     27.314      0.672       662664 
            ?-?-?     24.793     27.314      0.672       662664 
            ?-?-?     24.793     27.314      0.672       662664 
            ?-?-?     24.793     27.314      0.672       662664 
            ?-?-?     24.869     20.122      0.653       657887 
            ?-?-?     23.898     21.660      0.638       656390 
            ?-?-?     17.361     22.644      0.747       655362 
            ?-?-?     19.769     21.630      0.925       654539 
            ?-?-?     21.142     22.228      0.718       653217 
            ?-?-?     22.658     20.901      0.710       653178 
            ?-?-?     22.658     20.901      0.710       653178 
            ?-?-?     10.188     12.016      0.762       652606 
            ?-?-?     17.430     20.847      0.433       650908 
            ?-?-?     28.724     13.534      0.677       648201 
            ?-?-?     27.180     22.201      0.835       646642 
            ?-?-?     20.888     23.220      0.599       646551 
            ?-?-?     28.723     25.246      0.673       645585 
            ?-?-?     12.898     15.131      0.682       645497 
            ?-?-?     20.355     23.512      0.764       644995 
            ?-?-?     12.058     10.252      0.538       644552 
            ?-?-?     22.721     23.369      0.880       644449 
            ?-?-?     21.157     22.435      0.766       641830 
            ?-?-?     16.852     20.468      0.740       641337 
            ?-?-?     22.114     20.382      0.645       640900 
            ?-?-?     23.829     21.514      0.690       634036 
            ?-?-?     19.835     16.823      1.814       631554 
            ?-?-?     16.814     12.579      0.667       630832 
            ?-?-?     23.891     23.415      0.881       629824 
            ?-?-?     23.512     24.614      0.737       626381 
            ?-?-?     23.598     22.109      0.716       625302 
            ?-?-?     20.883     24.634      0.757       624038 
            ?-?-?     27.293     22.202      0.814       619295 
            ?-?-?     13.239     12.928      0.626       618228 
            ?-?-?     23.790     26.709      0.543       617174 
            ?-?-?     17.393     22.223      0.835       610509 
            ?-?-?     24.886     12.971      0.732       606335 
            ?-?-?     21.386     22.162      0.407       601236 
            ?-?-?     16.199     17.347      1.887       600180 
            ?-?-?     23.854     22.204      0.398       600163 
            ?-?-?     23.205     23.892      0.697       599213 
            ?-?-?     10.220     25.229      0.675       598111 
            ?-?-?     19.729     21.669      0.923       598011 
            ?-?-?     23.295     20.848      0.714       596375 
            ?-?-?     16.844     24.629      0.731       596095 
            ?-?-?     21.516     23.876      0.126       595597 
            ?-?-?     25.274     10.232      0.536       588834 
            ?-?-?     20.548     23.256      0.609       588579 
            ?-?-?     28.714     23.410      0.935       588060 
            ?-?-?     23.958     18.981      0.838       584108 
            ?-?-?     12.800     16.809      1.959       583164 
            ?-?-?     22.134     23.871      0.132       582475 
            ?-?-?     20.601     23.899      0.657       580958 
            ?-?-?     21.539     24.862      0.510       580039 
            ?-?-?     25.190     22.119      0.713       580007 
            ?-?-?     13.075     24.388      0.799       576846 
            ?-?-?     21.164     23.972      0.701       576684 
            ?-?-?     21.654     13.005      0.731       576432 
            ?-?-?     23.308     20.549      0.642       576368 
            ?-?-?     28.714     25.594      0.712       575782 
            ?-?-?     28.704     13.779      0.732       573551 
            ?-?-?     18.944     22.739      0.785       573450 
            ?-?-?     20.865     22.707      0.304       572785 
            ?-?-?     22.873     22.221      0.825       570501 
            ?-?-?     26.122     22.142      0.409       566052 
            ?-?-?     22.620     10.540      0.608       565202 
            ?-?-?     20.386     17.380      1.895       561241 
            ?-?-?     23.139     22.435      0.759       560568 
            ?-?-?     23.621     22.896      0.878       559411 
            ?-?-?     23.988     20.067      0.488       558707 
            ?-?-?     25.215     13.795      0.737       554982 
            ?-?-?     25.534     20.394      0.641       554715 
            ?-?-?     28.706     11.999      0.757       550966 
            ?-?-?     19.750     20.547      0.640       548132 
            ?-?-?     22.184     20.150      0.654       548089 
            ?-?-?     22.187     23.612      0.555       547263 
            ?-?-?     16.922     13.145      0.696       541655 
            ?-?-?     15.231     22.218      0.838       541168 
            ?-?-?     20.363     22.128      0.407       537262 
            ?-?-?     25.514     23.517      0.760       536897 
            ?-?-?     22.748     27.236      0.652       533462 
            ?-?-?     27.231     17.404      2.081       532946 
            ?-?-?     22.662     23.470      0.938       530902 
            ?-?-?     21.132     19.595      0.801       530821 
            ?-?-?     24.821     20.860      0.792       530776 
            ?-?-?     21.043     24.872      0.697       530699 
            ?-?-?     23.604     27.373      0.676       528899 
            ?-?-?     24.098     27.298      0.672       527675 
            ?-?-?     24.098     27.298      0.672       527675 
            ?-?-?     23.499     20.655      0.867       527008 
            ?-?-?     24.453     23.042      0.697       522852 
            ?-?-?     22.643     15.143      0.684       522525 
            ?-?-?     25.597     15.322      0.957       521937 
            ?-?-?     17.877     24.848      0.698       520826 
            ?-?-?     22.118     21.640      0.757       519776 
            ?-?-?     22.129     20.760      0.832       519126 
            ?-?-?     28.724     24.860      0.128       517452 
            ?-?-?     20.869     27.251      0.647       514626 
            ?-?-?     20.836     10.215      0.536       513726 
            ?-?-?     26.667     24.902      0.505       511666 
            ?-?-?     25.486     26.360      0.877       510385 
            ?-?-?     22.567     25.237      0.669       508658 
            ?-?-?     24.154     26.451      0.812       507959 
            ?-?-?     27.338     24.145      0.687       506606 
            ?-?-?     23.205     24.638      0.737       504788 
            ?-?-?     22.891     25.431      0.607       501154 
            ?-?-?     24.122     24.868      0.127       501094 
            ?-?-?     24.359     22.170      0.403       501028 
            ?-?-?     21.119     22.092      0.714       500091 
            ?-?-?     23.326     27.227      0.643       499155 
            ?-?-?     13.025     24.887      0.694       495413 
            ?-?-?     24.377     13.033      0.751       494345 
            ?-?-?     22.176     17.399      2.077       493639 
            ?-?-?     22.618     22.192      0.395       491041 
            ?-?-?     16.786     21.140      0.827       490603 
            ?-?-?     16.765     20.474      0.823       488075 
            ?-?-?     13.062     22.035      0.576       487115 
            ?-?-?     20.986     22.620      0.850       486174 
            ?-?-?     10.585     15.170      0.676       483523 
            ?-?-?     21.540     22.693      0.299       481979 
            ?-?-?     26.389     25.672      0.630       481609 
            ?-?-?     10.541     22.607      0.850       481462 
            ?-?-?     23.211     21.527      0.573       480846 
            ?-?-?     21.260     23.281      0.614       479182 
            ?-?-?     23.550     12.919      0.622       477633 
            ?-?-?     20.938     22.758      0.715       477607 
            ?-?-?     17.372     12.980      0.724       477424 
            ?-?-?     22.720     20.760      0.839       477017 
            ?-?-?     26.663     26.149     -0.110       477017 
            ?-?-?     12.930     10.520      0.609       475651 
            ?-?-?     28.710     23.389      0.890       473303 
            ?-?-?     24.474     22.001      0.579       472962 
            ?-?-?     24.015     22.092      0.711       472403 
            ?-?-?     23.078     16.803      1.929       471272 
            ?-?-?     24.888     26.740      0.537       468508 
            ?-?-?     26.579     22.640      0.747       468350 
            ?-?-?     27.268     25.202      0.666       467695 
            ?-?-?     22.700     21.651      0.757       461415 
            ?-?-?     24.884     23.403      0.937       460550 
            ?-?-?     11.579     21.590      0.910       460026 
            ?-?-?     11.579     21.590      0.910       460026 
            ?-?-?     26.540     27.449      0.883       456673 
            ?-?-?     23.395     27.232      0.674       456596 
            ?-?-?     23.987     21.094      0.770       456566 
            ?-?-?     12.972     21.542      0.690       456464 
            ?-?-?     26.766     21.782      0.763       454981 
            ?-?-?     12.908     23.505      0.757       453780 
            ?-?-?     26.152     24.875      0.500       451669 
            ?-?-?     22.525     24.634      0.713       450980 
            ?-?-?     21.516     23.566      0.556       450718 
            ?-?-?     20.346     12.887      0.622       450574 
            ?-?-?     23.725     21.666      0.920       449796 
            ?-?-?     21.236     23.185      0.940       449694 
            ?-?-?     20.407     24.864      0.514       447801 
            ?-?-?     21.330     23.068      0.685       447178 
            ?-?-?     25.501     23.922      0.697       447054 
            ?-?-?     13.022     20.361      0.643       445925 
            ?-?-?     23.212     20.339      0.771       444833 
            ?-?-?     23.272     22.217      0.833       442236 
            ?-?-?     21.172     22.751      0.787       442016 
            ?-?-?     25.482     20.564      0.634       441777 
            ?-?-?     19.008     12.981      0.725       441121 
            ?-?-?     22.856     21.300      0.356       441071 
            ?-?-?     17.271     22.435      0.769       440404 
            ?-?-?     24.876     20.851      0.443       440156 
            ?-?-?     21.600     26.787      0.442       439079 
            ?-?-?     24.041     21.638      0.565       438282 
            ?-?-?     24.041     21.638      0.565       438282 
            ?-?-?     13.880     15.733      0.723       438203 
            ?-?-?     25.634     22.162      0.409       436251 
            ?-?-?     23.081     23.912      0.659       435936 
            ?-?-?     15.226     10.608      0.632       435901 
            ?-?-?     15.271     24.374      0.811       432648 
            ?-?-?     18.576     22.717      0.296       431564 
            ?-?-?     16.814     24.872      0.690       431468 
            ?-?-?     28.667     26.126     -0.103       431343 
            ?-?-?     20.529     21.236      0.642       430574 
            ?-?-?     26.015     24.619      0.761       429711 
            ?-?-?     22.205     27.439      0.878       428743 
            ?-?-?     20.757     25.237      0.673       428156 
            ?-?-?     12.892     11.442      0.190       427931 
            ?-?-?     21.157     23.922      0.709       427626 
            ?-?-?     10.554     21.615      0.764       427312 
            ?-?-?     11.422     12.903      0.633       426876 
            ?-?-?     23.300     20.387      0.742       426102 
            ?-?-?     20.665     25.467      0.456       425459 
            ?-?-?     26.412     15.359      0.951       424265 
            ?-?-?     15.271     21.520      0.693       423532 
            ?-?-?     20.412     18.979      0.829       422597 
            ?-?-?     21.178     22.642      0.726       422472 
            ?-?-?     20.275     13.011      0.726       421724 
            ?-?-?     22.162     26.136     -0.117       418965 
            ?-?-?     25.448     26.153     -0.107       418504 
            ?-?-?     16.928     22.435      0.766       418336 
            ?-?-?     28.711     16.690      1.907       417074 
            ?-?-?     22.700     17.411      2.077       413734 
            ?-?-?     20.333     22.678      0.701       410783 
            ?-?-?     26.429     25.413      0.609       410374 
            ?-?-?     23.838     20.214      0.664       409830 
            ?-?-?     24.177     22.908      0.880       409241 
            ?-?-?     12.947     25.697      0.636       408631 
            ?-?-?     26.432     22.050      0.578       408225 
            ?-?-?     27.235     20.839      0.803       407435 
            ?-?-?     22.259     25.492      0.762       406748 
            ?-?-?     19.458     25.558      0.715       405701 
            ?-?-?     22.700     21.640      0.645       404600 
            ?-?-?     23.386     22.720      0.299       403913 
            ?-?-?     20.340     26.521      0.629       398941 
            ?-?-?     26.663     23.851      0.130       398580 
            ?-?-?     26.606     21.525      0.685       397961 
            ?-?-?     15.149     12.867      0.808       395536 
            ?-?-?     23.595     20.838      0.444       392231 
            ?-?-?     22.167     15.233      0.772       390614 
            ?-?-?     23.963     21.654      0.765       390179 
            ?-?-?     22.203     20.868      0.434       389897 
            ?-?-?     17.290     21.651      0.759       386543 
            ?-?-?     13.493     24.915      0.519       385806 
            ?-?-?     12.966     22.162      0.418       383067 
            ?-?-?     22.122     13.547      0.678       375766 
            ?-?-?     11.377     21.261      0.537       373976 
            ?-?-?     22.091     21.640      0.647       370548 
            ?-?-?     17.278     22.632      0.777       369172 
            ?-?-?     16.353     24.139      0.690       366038 
            ?-?-?     27.350     22.731      0.299       363788 
            ?-?-?     11.442     23.500      0.761       362777 
            ?-?-?     15.080     22.620      0.857       362303 
            ?-?-?     24.967     21.651      0.764       359781 
            ?-?-?     12.946     22.687      0.785       359311 
            ?-?-?     18.400     22.766      0.644       356950 
            ?-?-?     23.824     22.724      0.785       356758 
            ?-?-?     19.023     26.802      0.428       356043 
            ?-?-?     23.939     26.181     -0.118       353903 
            ?-?-?     13.785     21.398      0.390       353878 
            ?-?-?     10.891     21.674      0.917       353735 
            ?-?-?     28.701     24.879      0.497       352757 
            ?-?-?     26.758     21.651      0.769       342812 
            ?-?-?     11.137     21.125      0.769       342493 
            ?-?-?     25.082     19.789      0.723       341576 
            ?-?-?     23.539     22.162      0.411       336819 
            ?-?-?     12.081     10.268      0.587       332647 
            ?-?-?     28.652     12.896      0.629       331638 
            ?-?-?     20.258     22.655      0.665       330272 
            ?-?-?     15.233     22.720      0.304       325491 
            ?-?-?     15.099     22.650      0.747       318475 
            ?-?-?     24.935     26.156     -0.124       317336 
            ?-?-?     27.482     21.651      0.771       310930 
            ?-?-?     22.167     21.137      0.833       296276 
            ?-?-?     21.367     20.850      0.432       294998 
            ?-?-?     12.490     20.760      0.834       284728 
            ?-?-?     13.976     26.418      0.880       279624 
            ?-?-?     26.253     11.994      0.758       274198 
            ?-?-?     26.110     24.180      0.757       260229 
            ?-?-?     15.098     20.783      0.706       247429 
            ?-?-?     23.424     25.489      0.755       185227 
